<?xml version="1.0"?>
<opencv_storage>
<M1 type_id="opencv-matrix">
  <rows>3</rows>
  <cols>3</cols>
  <dt>d</dt>
  <data>
    4.9958494979151743e+02 0. 3.1548313450090035e+02 0.
    4.9958494979151743e+02 1.9771627293612642e+02 0. 0. 1.</data></M1>
<M2 type_id="opencv-matrix">
  <rows>3</rows>
  <cols>3</cols>
  <dt>d</dt>
  <data>
    4.9958494979151743e+02 0. 2.5359108362399621e+02 0.
    4.9958494979151743e+02 2.4430066147916520e+02 0. 0. 1.</data></M2>
<D1 type_id="opencv-matrix">
  <rows>1</rows>
  <cols>5</cols>
  <dt>d</dt>
  <data>
    0. 0. 0. 0. 0.</data></D1>
<D2 type_id="opencv-matrix">
  <rows>1</rows>
  <cols>5</cols>
  <dt>d</dt>
  <data>
    0. 0. 0. 0. 0.</data></D2>
<R type_id="opencv-matrix">
  <rows>3</rows>
  <cols>3</cols>
  <dt>d</dt>
  <data>
    9.9987304094660556e-01 -2.4800248950295953e-04
    -1.5932372169663402e-02 2.2050558254414155e-04
    9.9999848341265296e-01 -1.7275849276108760e-03
    1.5932776452192238e-02 1.7238524180572248e-03 9.9987157923773651e-01</data></R>
<T type_id="opencv-matrix">
  <rows>3</rows>
  <cols>1</cols>
  <dt>d</dt>
  <data>
    -6.0908166938640198e+00 7.9028687700061673e-04
    -9.0190197051480871e-03</data></T>
<E type_id="opencv-matrix">
  <rows>3</rows>
  <cols>3</cols>
  <dt>d</dt>
  <data>
    1.4580208338412741e-05 9.0203683649607951e-03 7.7460426525302617e-04
    8.8025746135672267e-02 1.0501905825000556e-02 6.0901782009199348e+00
    -2.1332456261768705e-03 -6.0908072606153754e+00
    1.0534994261805363e-02</data></E>
<F type_id="opencv-matrix">
  <rows>3</rows>
  <cols>3</cols>
  <dt>d</dt>
  <data>
    -1.1124735395090886e-10 -6.8825636024733150e-08
    1.0690373001842921e-05 -6.7163864259391276e-07
    -8.0129803865349654e-08 -2.2987085655491561e-02
    1.7224157905926750e-04 2.3254246496053465e-02 1.</data></F>
<FT>2.9095552965359957e+03</FT>
</opencv_storage>
