<?xml version="1.0"?>
<opencv_storage>
<M1 type_id="opencv-matrix">
  <rows>3</rows>
  <cols>3</cols>
  <dt>d</dt>
  <data>
    1.1028605735416224e+03 0. 6.2510565929974734e+02 0.
    1.1028605735416224e+03 3.8944587284143608e+02 0. 0. 1.</data></M1>
<M2 type_id="opencv-matrix">
  <rows>3</rows>
  <cols>3</cols>
  <dt>d</dt>
  <data>
    1.1028605735416224e+03 0. 6.1050079322043052e+02 0.
    1.1028605735416224e+03 3.6569955727264175e+02 0. 0. 1.</data></M2>
<D1 type_id="opencv-matrix">
  <rows>1</rows>
  <cols>5</cols>
  <dt>d</dt>
  <data>
    0. 0. 0. 0. 0.</data></D1>
<D2 type_id="opencv-matrix">
  <rows>1</rows>
  <cols>5</cols>
  <dt>d</dt>
  <data>
    0. 0. 0. 0. 0.</data></D2>
<R type_id="opencv-matrix">
  <rows>3</rows>
  <cols>3</cols>
  <dt>d</dt>
  <data>
    9.9999134756165442e-01 1.2296462708054695e-04
    -4.1580862818083753e-03 -1.9061192477575425e-04
    9.9986757800142978e-01 -1.6272373172000670e-02
    4.1555347334139014e-03 1.6273024957124620e-02 9.9985895014738169e-01</data></R>
<T type_id="opencv-matrix">
  <rows>3</rows>
  <cols>1</cols>
  <dt>d</dt>
  <data>
    -5.4854434823326743e+00 1.6328808921151794e-01
    -4.8568522822134841e-01</data></T>
<E type_id="opencv-matrix">
  <rows>3</rows>
  <cols>3</cols>
  <dt>d</dt>
  <data>
    5.8597193008482786e-04 4.8827810396369153e-01 1.5536180617285422e-01
    -4.6288607494084349e-01 8.9205036585929418e-02
    5.4866892824226889e+00 -1.6224108543097743e-01
    -5.4847371676026970e+00 8.9940149322169247e-02</data></E>
<F type_id="opencv-matrix">
  <rows>3</rows>
  <cols>3</cols>
  <dt>d</dt>
  <data>
    2.0728078990028389e-09 1.7272272933953549e-06
    -6.7853313384350238e-05 -1.6374059288759838e-06
    3.1555249487698857e-07 2.2305561928990560e-02
    -3.5408509905790101e-05 -2.2567156201765338e-02 1.</data></F>
<FT>3000.</FT>
</opencv_storage>
