<?xml version="1.0"?>
<opencv_storage>
<M1 type_id="opencv-matrix">
  <rows>3</rows>
  <cols>3</cols>
  <dt>d</dt>
  <data>
    3.6030746273102852e+02 0. 3.0132037848895703e+02 0.
    3.6030746273102852e+02 2.2317176350392893e+02 0. 0. 1.</data></M1>
<M2 type_id="opencv-matrix">
  <rows>3</rows>
  <cols>3</cols>
  <dt>d</dt>
  <data>
    3.6030746273102852e+02 0. 2.9159659094776015e+02 0.
    3.6030746273102852e+02 1.9566635837987278e+02 0. 0. 1.</data></M2>
<D1 type_id="opencv-matrix">
  <rows>1</rows>
  <cols>5</cols>
  <dt>d</dt>
  <data>
    0. 0. 0. 0. 0.</data></D1>
<D2 type_id="opencv-matrix">
  <rows>1</rows>
  <cols>5</cols>
  <dt>d</dt>
  <data>
    0. 0. 0. 0. 0.</data></D2>
<R type_id="opencv-matrix">
  <rows>3</rows>
  <cols>3</cols>
  <dt>d</dt>
  <data>
    9.9992718721748708e-01 1.3884122550191064e-04
    -1.2066523378279950e-02 -1.4071915447058834e-04
    9.9999997812025865e-01 -1.5478243357654257e-04
    1.2066501624084775e-02 1.5646915440406046e-04 9.9992718487695875e-01</data></R>
<T type_id="opencv-matrix">
  <rows>3</rows>
  <cols>1</cols>
  <dt>d</dt>
  <data>
    -5.6046595819864331e+00 4.7741330020259895e-03
    -4.4501856943670054e-01</data></T>
<E type_id="opencv-matrix">
  <rows>3</rows>
  <cols>3</cols>
  <dt>d</dt>
  <data>
    -5.0155531922999906e-06 4.4501930670436318e-01
    4.7049043157798677e-03 -3.7735753244790837e-01
    8.1516942196433351e-04 5.6096213049812436e+00
    -3.9851024266454134e-03 -5.6046601222044075e+00
    9.2511003694791243e-04</data></E>
<F type_id="opencv-matrix">
  <rows>3</rows>
  <cols>3</cols>
  <dt>d</dt>
  <data>
    -8.0895947858543559e-11 7.1777244206022802e-06
    -1.5744989341840987e-03 -6.0864064438196048e-06
    1.3147882302662973e-08 3.4430808509573106e-02 1.1677695270573285e-03
    -3.4666525577240960e-02 1.</data></F>
<FT>3000.</FT>
</opencv_storage>
